03300000        2019953952000158316740130020944     006641016           AMA SAUDE LTDA ME             BANCO SANTANDER (BRASIL) S/A            209022017      000688040                                                                          
03361831T01  040 2019953952000158006641016           316740130020944     AMA SAUDE LTDA ME                                                                                             0000068809022017                                         
0336183300001T 17316740130020944        00000004985301               0902201700000000000300010400150                         002000000000000000                                        01300209440000000000001610400000000                      
0336183300002U 170000000000000000000000000000000000000000000000000000000000000000000000030000000000000030000000000000000000000000000000000902201710022017000000000000000000000000000                              000                           
0336183300003T 17316740130020944        00000005017781               0902201700000000000300000103760                         002000000000000000                                        01300209440000000000001610400000000                      
0336183300004U 170000000000000000000000000000000000000000000000000000000000000000000000030000000000000030000000000000000000000000000000000902201710022017000000000000000000000000000                              000                           
0336183300005T 17316740130020944        00000005112001               0902201700000000000300010417350                         002000000000000000                                        01300209440000000000001610400000000                      
0336183300006U 170000000000000000000000000000000000000000000000000000000000000000000000030000000000000030000000000000000000000000000000000902201710022017000000000000000000000000000                              000                           
0336183300007T 17316740130020944        00000005112181               0902201700000000000300010417350                         002000000000000000                                        01300209440000000000001610400000000                      
0336183300008U 170000000000000000000000000000000000000000000000000000000000000000000000030000000000000030000000000000000000000000000000000902201710022017000000000000000000000000000                              000                           
0336183300009T 17316740130020944        00000005135201               0902201700000000000300010400150                         002000000000000000                                        01300209440000000000001610400000000                      
0336183300010U 170000000000000000000000000000000000000000000000000000000000000000000000030000000000000030000000000000000000000000000000000902201710022017000000000000000000000000000                              000                           
0336183300011T 17316740130020944        00000005142411               0902201700000000000300023732880                         002000000000000000                                        01300209440000000000001610400000000                      
0336183300012U 170000000000000000000000000000000000000000000000000000000000000000000000030000000000000030000000000000000000000000000000000902201710022017000000000000000000000000000                              000                           
0336183300013T 17316740130020944        00000005152051               0902201700000000000300010400150                         002000000000000000                                        01300209440000000000001610400000000                      
0336183300014U 170000000000000000000000000000000000000000000000000000000000000000000000030000000000000030000000000000000000000000000000000902201710022017000000000000000000000000000                              000                           
0336183300015T 17316740130020944        00000005211161               0902201700000000000300010400150                         002000000000000000                                        01300209440000000000001610400000000                      
0336183300016U 170000000000000000000000000000000000000000000000000000000000000000000000030000000000000030000000000000000000000000000000000902201710022017000000000000000000000000000                              000                           
0336183300017T 17316740130020944        00000005219901               0902201700000000000300010400150                         002000000000000000                                        01300209440000000000001610400000000                      
0336183300018U 170000000000000000000000000000000000000000000000000000000000000000000000030000000000000030000000000000000000000000000000000902201710022017000000000000000000000000000                              000                           
0336183300019T 17316740130020944        00000005228561               0902201700000000000300000146400                         002000000000000000                                        01300209440000000000001610400000000                      
0336183300020U 170000000000000000000000000000000000000000000000000000000000000000000000030000000000000030000000000000000000000000000000000902201710022017000000000000000000000000000                              000                           
0336183300021T 17316740130020944        00000005247601               0902201700000000000300010411210                         002000000000000000                                        01300209440000000000001610400000000                      
0336183300022U 170000000000000000000000000000000000000000000000000000000000000000000000030000000000000030000000000000000000000000000000000902201710022017000000000000000000000000000                              000                           
0336183300023T 17316740130020944        00000005302201               0902201700000000000300003331674                         002000000000000000                                        01300209440000000000001610300000000                      
0336183300024U 170000000000000000000000000000000000000000000000000000000000000000000000030000000000000030000000000000000000000000000000000902201710022017000000000000000000000000000                              000                           
0336183300025T 17316740130020944        00000005311891               0902201700000000000300010400150                         002000000000000000                                        01300209440000000000001610400000000                      
0336183300026U 170000000000000000000000000000000000000000000000000000000000000000000000030000000000000030000000000000000000000000000000000902201710022017000000000000000000000000000                              000                           
0336183300027T 17316740130020944        00000005340051               0902201700000000000300010400150                         002000000000000000                                        01300209440000000000001610400000000                      
0336183300028U 170000000000000000000000000000000000000000000000000000000000000000000000030000000000000030000000000000000000000000000000000902201710022017000000000000000000000000000                              000                           
0336183300029T 17316740130020944        00000005411091               0902201700000000000300010417350                         002000000000000000                                        01300209440000000000001610400000000                      
0336183300030U 170000000000000000000000000000000000000000000000000000000000000000000000030000000000000030000000000000000000000000000000000902201710022017000000000000000000000000000                              000                           
0336183300031T 17316740130020944        00000005513501               0902201700000000000300010445020                         002000000000000000                                        01300209440000000000001610400000000                      
0336183300032U 170000000000000000000000000000000000000000000000000000000000000000000000030000000000000030000000000000000000000000000000000902201710022017000000000000000000000000000                              000                           
0336183300033T 17316740130020944        00000005523561               0902201700000000000300010445020                         002000000000000000                                        01300209440000000000001610400000000                      
0336183300034U 170000000000000000000000000000000000000000000000000000000000000000000000030000000000000030000000000000000000000000000000000902201710022017000000000000000000000000000                              000                           
0336183300035T 17316740130020944        00000005542271               0902201700000000000300010445020                         002000000000000000                                        01300209440000000000001610400000000                      
0336183300036U 170000000000000000000000000000000000000000000000000000000000000000000000030000000000000030000000000000000000000000000000000902201710022017000000000000000000000000000                              000                           
0336183300037T 17316740130020944        00000005556811               0902201700000000000300010400150                         002000000000000000                                        01300209440000000000001610400000000                      
0336183300038U 170000000000000000000000000000000000000000000000000000000000000000000000030000000000000030000000000000000000000000000000000902201710022017000000000000000000000000000                              000                           
0336183300039T 17316740130020944        00000005567931               0902201700000000000300010400150                         002000000000000000                                        01300209440000000000001610400000000                      
0336183300040U 170000000000000000000000000000000000000000000000000000000000000000000000030000000000000030000000000000000000000000000000000902201710022017000000000000000000000000000                              000                           
0336183300041T 17316740130020944        00000005621221               0902201700000000000300010400150                         002000000000000000                                        01300209440000000000001610400000000                      
0336183300042U 170000000000000000000000000000000000000000000000000000000000000000000000030000000000000030000000000000000000000000000000000902201710022017000000000000000000000000000                              000                           
0336183300043T 17316740130020944        00000005638381               0902201700000000000300010400150                         002000000000000000                                        01300209440000000000001610400000000                      
0336183300044U 170000000000000000000000000000000000000000000000000000000000000000000000030000000000000030000000000000000000000000000000000902201710022017000000000000000000000000000                              000                           
0336183300045T 17316740130020944        00000005700871               0902201700000000000300010401580                         002000000000000000                                        01300209440000000000001610400000000                      
0336183300046U 170000000000000000000000000000000000000000000000000000000000000000000000030000000000000030000000000000000000000000000000000902201710022017000000000000000000000000000                              000                           
0336183300047T 17316740130020944        00000005743411               0902201700000000000300034143650                         002000000000000000                                        01300209440000000000001610400000000                      
0336183300048U 170000000000000000000000000000000000000000000000000000000000000000000000030000000000000030000000000000000000000000000000000902201710022017000000000000000000000000000                              000                           
0336183300049T 17316740130020944        00000005745891               0902201700000000000300010445020                         002000000000000000                                        01300209440000000000001610400000000                      
0336183300050U 170000000000000000000000000000000000000000000000000000000000000000000000030000000000000030000000000000000000000000000000000902201710022017000000000000000000000000000                              000                           
0336183300051T 17316740130020944        00000005766201               0902201700000000000300010400150                         002000000000000000                                        01300209440000000000001610400000000                      
0336183300052U 170000000000000000000000000000000000000000000000000000000000000000000000030000000000000030000000000000000000000000000000000902201710022017000000000000000000000000000                              000                           
0336183300053T 17316740130020944        00000005809531               0902201700000000000300034143650                         002000000000000000                                        01300209440000000000001610400000000                      
0336183300054U 170000000000000000000000000000000000000000000000000000000000000000000000030000000000000030000000000000000000000000000000000902201710022017000000000000000000000000000                              000                           
0336183300055T 17316740130020944        00000005810701               0902201700000000000300010400150                         002000000000000000                                        01300209440000000000001610400000000                      
0336183300056U 170000000000000000000000000000000000000000000000000000000000000000000000030000000000000030000000000000000000000000000000000902201710022017000000000000000000000000000                              000                           
0336183300057T 17316740130020944        00000005840881               0902201700000000000300010445020                         002000000000000000                                        01300209440000000000001610400000000                      
0336183300058U 170000000000000000000000000000000000000000000000000000000000000000000000030000000000000030000000000000000000000000000000000902201710022017000000000000000000000000000                              000                           
0336183300059T 17316740130020944        00000005855561               0902201700000000000300010400150                         002000000000000000                                        01300209440000000000001610400000000                      
0336183300060U 170000000000000000000000000000000000000000000000000000000000000000000000030000000000000030000000000000000000000000000000000902201710022017000000000000000000000000000                              000                           
0336183300061T 17316740130020944        00000005872221               0902201700000000000300010400150                         002000000000000000                                        01300209440000000000001610400000000                      
0336183300062U 170000000000000000000000000000000000000000000000000000000000000000000000030000000000000030000000000000000000000000000000000902201710022017000000000000000000000000000                              000                           
0336183300063T 17316740130020944        00000005930101               0902201700000000000300010400150                         002000000000000000                                        01300209440000000000001610400000000                      
0336183300064U 170000000000000000000000000000000000000000000000000000000000000000000000030000000000000030000000000000000000000000000000000902201710022017000000000000000000000000000                              000                           
0336183300065T 17316740130020944        00000005959181               0902201700000000000300010445020                         002000000000000000                                        01300209440000000000001610400000000                      
0336183300066U 170000000000000000000000000000000000000000000000000000000000000000000000030000000000000030000000000000000000000000000000000902201710022017000000000000000000000000000                              000                           
0336183300067T 17316740130020944        00000006009621               0902201700000000000300010400150                         002000000000000000                                        01300209440000000000001610400000000                      
0336183300068U 170000000000000000000000000000000000000000000000000000000000000000000000030000000000000030000000000000000000000000000000000902201710022017000000000000000000000000000                              000                           
0336183300069T 17316740130020944        00000006060061               0902201700000000000300010400150                         002000000000000000                                        01300209440000000000001610400000000                      
0336183300070U 170000000000000000000000000000000000000000000000000000000000000000000000030000000000000030000000000000000000000000000000000902201710022017000000000000000000000000000                              000                           
0336183300071T 17316740130020944        00000006135501               0902201700000000000300010445020                         002000000000000000                                        01300209440000000000001610400000000                      
0336183300072U 170000000000000000000000000000000000000000000000000000000000000000000000030000000000000030000000000000000000000000000000000902201710022017000000000000000000000000000                              000                           
0336183300073T 17316740130020944        00000006185601               0902201700000000000300010400150                         002000000000000000                                        01300209440000000000001610400000000                      
0336183300074U 170000000000000000000000000000000000000000000000000000000000000000000000030000000000000030000000000000000000000000000000000902201710022017000000000000000000000000000                              000                           
0336183300075T 17316740130020944        00000006201221               0902201700000000000300010445020                         002000000000000000                                        01300209440000000000001610400000000                      
0336183300076U 170000000000000000000000000000000000000000000000000000000000000000000000030000000000000030000000000000000000000000000000000902201710022017000000000000000000000000000                              000                           
0336183300077T 17316740130020944        00000006206291               0902201700000000000300010400150                         002000000000000000                                        01300209440000000000001610400000000                      
0336183300078U 170000000000000000000000000000000000000000000000000000000000000000000000030000000000000030000000000000000000000000000000000902201710022017000000000000000000000000000                              000                           
0336183300079T 17316740130020944        00000006235121               0902201700000000000300010400150                         002000000000000000                                        01300209440000000000001610400000000                      
0336183300080U 170000000000000000000000000000000000000000000000000000000000000000000000030000000000000030000000000000000000000000000000000902201710022017000000000000000000000000000                              000                           
0336183300081T 17316740130020944        00000006248371               0902201700000000000300010400150                         002000000000000000                                        01300209440000000000001610400000000                      
0336183300082U 170000000000000000000000000000000000000000000000000000000000000000000000030000000000000030000000000000000000000000000000000902201710022017000000000000000000000000000                              000                           
0336183300083T 17316740130020944        00000006259061               0902201700000000000300000103760                         002000000000000000                                        01300209440000000000001610400000000                      
0336183300084U 170000000000000000000000000000000000000000000000000000000000000000000000030000000000000030000000000000000000000000000000000902201710022017000000000000000000000000000                              000                           
0336183300085T 17316740130020944        00000006262521               0902201700000000000300010400150                         002000000000000000                                        01300209440000000000001610400000000                      
0336183300086U 170000000000000000000000000000000000000000000000000000000000000000000000030000000000000030000000000000000000000000000000000902201710022017000000000000000000000000000                              000                           
0336183300087T 17316740130020944        00000006312801               0902201700000000000300010400150                         002000000000000000                                        01300209440000000000001610400000000                      
0336183300088U 170000000000000000000000000000000000000000000000000000000000000000000000030000000000000030000000000000000000000000000000000902201710022017000000000000000000000000000                              000                           
0336183300089T 17316740130020944        00000006334961               0902201700000000000300034143650                         002000000000000000                                        01300209440000000000001610400000000                      
0336183300090U 170000000000000000000000000000000000000000000000000000000000000000000000030000000000000030000000000000000000000000000000000902201710022017000000000000000000000000000                              000                           
0336183300091T 17316740130020944        00000006362901               0902201700000000000300010400150                         002000000000000000                                        01300209440000000000001610400000000                      
0336183300092U 170000000000000000000000000000000000000000000000000000000000000000000000030000000000000030000000000000000000000000000000000902201710022017000000000000000000000000000                              000                           
0336183300093T 17316740130020944        00000006440721               0902201700000000000300010400150                         002000000000000000                                        01300209440000000000001610400000000                      
0336183300094U 170000000000000000000000000000000000000000000000000000000000000000000000030000000000000030000000000000000000000000000000000902201710022017000000000000000000000000000                              000                           
0336183300095T 17316740130020944        00000006476911               0902201700000000000300010417350                         002000000000000000                                        01300209440000000000001610400000000                      
0336183300096U 170000000000000000000000000000000000000000000000000000000000000000000000030000000000000030000000000000000000000000000000000902201710022017000000000000000000000000000                              000                           
0336183300097T 17316740130020944        00000006499021               0902201700000000000300010400150                         002000000000000000                                        01300209440000000000001610400000000                      
0336183300098U 170000000000000000000000000000000000000000000000000000000000000000000000030000000000000030000000000000000000000000000000000902201710022017000000000000000000000000000                              000                           
0336183300099T 17316740130020944        00000006541081               0902201700000000000300010400150                         002000000000000000                                        01300209440000000000001610400000000                      
0336183300100U 170000000000000000000000000000000000000000000000000000000000000000000000030000000000000030000000000000000000000000000000000902201710022017000000000000000000000000000                              000                           
03361835         0001000000000000000000000000000000000000000000000000000000000000000000000000000000000000000000000000000000                                                                                                                     
03361839         000001000104                                                                                                                                                                                                                   
